[
#time 0
[
#probe 1
[  9.12047000e-01   2.58361529e-03   1.06135124e-05]
  [  9.12047000e-01   3.64377804e-03   1.32609426e-05]
  [  9.12047000e-01   2.78837672e-03   1.14521564e-05]
  [  9.12047000e-01   4.94303835e-03   1.69200576e-05]
  [  9.12047000e-01   4.62945616e-03   1.77223021e-05]
  [  9.12047000e-01   4.94419215e-03   1.08759996e-05]
  [  9.12047000e-01   7.15195442e-03   1.82449461e-05]
  [  9.12047000e-01   5.02083415e-03   2.24072409e-05]
  [  9.12047000e-01   3.52587831e-04   2.14799587e-06]
  [  9.12047000e-01   5.60501937e-03   3.12491672e-05]
  [  9.12047000e-01   1.22720793e-03   3.21163586e-05]
  [  9.12047000e-01   1.02722887e-03   4.27825750e-05]
  [  9.12047000e-01   5.63404710e-03   2.76701405e-05]
  [  9.12047000e-01   8.53018400e-03   3.79494173e-05]
  [  9.12047000e-01   6.47638396e-03   2.45317358e-05]
  [  9.12047000e-01   4.61406772e-03   1.64506499e-05]
  [  9.12047000e-01   4.38511296e-03   1.63286164e-05]
  [  9.12047000e-01   4.53481753e-03   1.82633310e-05]
#probe 20
  [  9.12047000e-01   4.76240023e-03   2.19474894e-05]]

#time 1
 [
 #probe 1
[  9.16143000e-01   3.45472477e-03   1.15382887e-05]
  [  9.16143000e-01   4.27507986e-03   1.98884400e-05]
  [  9.16143000e-01   3.31913925e-03   1.43024109e-05]
  [  9.16143000e-01   6.08519937e-03   2.12331571e-05]
  [  9.16143000e-01   5.40236307e-03   1.69930349e-05]
  [  9.16143000e-01   5.84036527e-03   1.66044883e-05]
  [  9.16143000e-01   8.37038768e-03   3.16417669e-05]
  [  9.16143000e-01   5.61363882e-03   2.20326148e-05]
  [  9.16143000e-01   4.07597294e-04   2.51180702e-06]
  [  9.16143000e-01   6.81608930e-03   5.41307157e-05]
  [  9.16143000e-01   1.34362556e-03   5.93998913e-05]
  [  9.16143000e-01   1.13272099e-03   5.01765242e-05]
  [  9.16143000e-01   6.36830205e-03   1.54981714e-05]
  [  9.16143000e-01   9.60062544e-03   4.61648331e-05]
  [  9.16143000e-01   7.43849585e-03   3.06696686e-05]
  [  9.16143000e-01   5.30413647e-03   1.67502772e-05]
  [  9.16143000e-01   5.05331847e-03   1.99386756e-05]
  [  9.16143000e-01   5.13385054e-03   1.96353080e-05]
  [  9.16143000e-01   5.28922550e-03   2.07476385e-05]]

 [[  9.20239000e-01   4.00382176e-03   1.73947019e-05]
  [  9.20239000e-01   6.04584759e-03   1.91886279e-05]
  [  9.20239000e-01   4.29025258e-03   1.64299806e-05]
  [  9.20239000e-01   7.21640114e-03   2.78429884e-05]
  [  9.20239000e-01   6.56587609e-03   2.59096052e-05]
  [  9.20239000e-01   6.91864993e-03   2.44337350e-05]
  [  9.20239000e-01   1.01252682e-02   4.55029475e-05]
  [  9.20239000e-01   6.58650150e-03   3.24732193e-05]
  [  9.20239000e-01   4.84618641e-04   3.52109843e-06]
  [  9.20239000e-01   7.81624023e-03   5.68072606e-05]
  [  9.20239000e-01   1.67380195e-03   9.10969084e-05]
  [  9.20239000e-01   1.03344362e-03   3.30174098e-05]
  [  9.20239000e-01   7.65116814e-03   4.84826153e-05]
  [  9.20239000e-01   1.14842162e-02   5.27355643e-05]
  [  9.20239000e-01   9.16943519e-03   6.01776736e-05]
  [  9.20239000e-01   6.52330502e-03   2.24445344e-05]
  [  9.20239000e-01   6.04636485e-03   2.43487815e-05]
  [  9.20239000e-01   6.24910460e-03   2.65442840e-05]
  [  9.20239000e-01   7.50090445e-03   2.87647757e-05]]

 [[  9.24335000e-01   4.21205429e-03   1.45891383e-05]
  [  9.24335000e-01   5.76656551e-03   1.71584455e-05]
  [  9.24335000e-01   4.59570003e-03   1.57492350e-05]
  [  9.24335000e-01   7.75354003e-03   2.25298168e-05]
  [  9.24335000e-01   6.78144949e-03   2.15657604e-05]
  [  9.24335000e-01   7.20781387e-03   2.13414920e-05]
  [  9.24335000e-01   1.01352142e-02   3.39650894e-05]
  [  9.24335000e-01   6.81877613e-03   2.47346601e-05]
  [  9.24335000e-01   4.92074254e-04   2.58653980e-06]
  [  9.24335000e-01   8.16695262e-03   6.02882559e-05]
  [  9.24335000e-01   1.47407395e-03   5.78068515e-05]
  [  9.24335000e-01   1.29382342e-03   5.20003498e-05]
  [  9.24335000e-01   8.01004336e-03   6.21361203e-05]
  [  9.24335000e-01   1.17991601e-02   6.06234829e-05]
  [  9.24335000e-01   9.08260012e-03   4.03889155e-05]
  [  9.24335000e-01   6.46322445e-03   2.44500150e-05]
  [  9.24335000e-01   6.22465200e-03   2.32667434e-05]
  [  9.24335000e-01   6.60689959e-03   1.75776862e-05]
  [  9.24335000e-01   7.35050990e-03   1.78624198e-05]]

 [[  9.28191000e-01   4.92189688e-03   1.75969473e-05]
  [  9.28191000e-01   7.42091829e-03   2.02241777e-05]
  [  9.28191000e-01   5.06244380e-03   1.96413915e-05]
  [  9.28191000e-01   8.61710413e-03   2.98356443e-05]
  [  9.28191000e-01   7.81876838e-03   4.37560640e-05]
  [  9.28191000e-01   8.50500304e-03   4.63696325e-05]
  [  9.28191000e-01   1.19812695e-02   5.95275398e-05]
  [  9.28191000e-01   8.29072362e-03   6.10752679e-05]
  [  9.28191000e-01   6.45845104e-04   8.97594540e-06]
  [  9.28191000e-01   1.10652687e-02   2.31724957e-04]
  [  9.28191000e-01   2.11253872e-02   3.74761049e-02]
  [  9.28191000e-01   3.53026179e-03   9.64277230e-04]
  [  9.28191000e-01   1.12087137e-02   2.23114566e-04]
  [  9.28191000e-01   1.47482315e-02   1.04567500e-04]
  [  9.28191000e-01   1.12598022e-02   1.00925306e-04]
  [  9.28191000e-01   7.68304752e-03   4.82145587e-05]
  [  9.28191000e-01   7.35549432e-03   4.57866395e-05]
  [  9.28191000e-01   7.59231379e-03   4.70938124e-05]
  [  9.28191000e-01   8.81046531e-03   4.47666464e-05]]]