27153
27154
27155
27156
27157
27158
27159
27160
27161
27166
27177
27179
27180
27181
27205
27210
27211
28899
28900
28901
28902
28904
28905
28906
28907
28912
36142
36150
36151
36152
36154
36155
36156
36157
36158
36159
36160
36162
36171
36173
36175
36176
36177
36178
36180
36182
36183
36184
36185
36186
36187
36188
36192
36193
36194
36195
36196
36199
36201
36202
36203
36204
36205
36207
36208
36209
36210
36212
36213
36214
36215
36216
36220
36221
36223
36224
36226
36227
36228
36231
36232
36233
36234
36235
36237
36238
36239
36242
36243
36250
36251
36252
36255
36256
36258
36261
36262
36263
36265
36266
36267
36268
36278
36279
36281
36282
36283
36286
36287
36289
38067
38068
38069
38070
38071
38072
38073
38074
38075
38076
38077
38078
38079
38080
38081
38082
38083
38084
38085
38086
38090
38091
38092
38093
38095
38096
38097
38099
38100
38101
38102
38104
38105
38106
38108
38109
38110
38111
38112
38118
39752
39753
39754
39755
39756
39757
39759
39761
39762
39763
39764
39765
39766
39767
39768
39769
39770
39771
39772
39773
39774
39775
42136
42137
42141
42148
42562
42578
42581
43254
43256
43258
43527
43529
43531
43532
43535
44051
44322
44325
44626
44627
44628
44629
44632
44635
45328
45331
45332
45937
45941
45942
45943
45969
45971
46054
46357
46365
46370
46455
46457
46459
46460
46461
46462
46464
46469
46470
47634
47640
47642
47644
47646
47648
47727
47757
47762
47764
47766
47775
54184
54185
54194
54195
54196
54197
54198
